1000
28809 66485
196052 185096
117254 143068
200928 61336
209903 91859
110801 42809
46853 79242
173805 218375
99573 21776
192013 25434
83790 150859
62571 10729
4384 63597
217235 89080
15941 242607
114352 177755
143212 29576
137613 78212
122125 222403
50326 117077
99607 221908
125895 167104
14467 112687
192403 263401
8251 55651
79356 9204
181323 113748
67006 14140
254535 255760
66902 247692
62581 96582
161211 49680
140040 246464
82739 192271
27541 194626
15283 242281
140820 47415
242431 137842
99835 122258
35633 237171
21675 19091
209480 43876
65028 236426
26287 99138
146674 20918
81474 159981
148077 122267
51379 188025
221859 14840
130157 163371
116388 131201
555 204077
88425 58415
226004 42061
163089 78701
213392 198284
36930 10687
31053 204648
117764 251247
76843 65845
94379 219872
227954 42178
111224 6493
105302 194962
210665 216521
85816 196423
212575 66754
124380 211977
170891 95336
112045 149753
182457 116255
70230 220217
263136 81251
17241 89899
253080 195130
139260 251391
155892 134121
260823 226232
246586 216099
134499 161388
188696 85453
111201 191336
113098 90764
196209 191923
204091 196447
74015 179185
96694 240998
54 28993
105918 195814
58658 41329
147633 66431
126441 221042
87028 148674
243995 115766
172058 126038
111549 108779
141024 65668
185660 114607
112386 10996
145775 150837
199620 84755
87002 8732
17375 183899
240646 7057
23725 201015
259619 246168
93401 17114
175369 136190
239882 180366
142519 23284
65688 209230
406 224478
261946 869
140674 213828
60376 95223
124172 113930
247360 39794
257042 259137
163465 185317
161172 221330
44575 53375
62755 111935
63303 2540
254570 78898
239320 165699
143949 225521
236333 146976
9385 10966
82398 138086
74776 5657
3262 132772
146965 4411
217128 121244
184537 230124
183832 35173
147398 97290
188911 40066
47391 243977
101120 239600
182321 215088
197573 195032
112916 229579
52683 16978
72946 81726
49471 76059
102546 97475
97501 69186
52421 184105
216491 2117
171478 239036
183895 259318
81966 115920
176233 141450
236644 161547
119316 260486
28372 167481
72808 179676
108192 72524
101158 159197
155443 102207
49854 237724
258385 166400
141240 161134
163406 36017
53494 115499
177782 5703
247579 46526
226779 36520
75203 14485
29448 59235
34327 56428
163888 116937
86221 88175
260417 83472
27400 215450
240215 136854
10559 217428
1766 154810
25109 234461
194240 84689
260485 121120
38590 186591
80845 190305
149616 104626
197098 69780
109388 207400
231940 116042
212820 13020
120665 102138
128255 96321
188881 182276
202618 161218
165309 106268
64236 208651
196171 48643
17891 246998
6071 103758
158106 253592
122403 191857
213734 3343
137986 237459
25506 93358
182735 112479
28028 6306
87009 220186
68653 188080
244003 254946
167998 13962
15674 40640
233159 5228
163800 61756
48858 247108
259093 229966
120179 168463
260841 8349
71942 249424
94787 206727
76906 35961
218971 152131
231867 153430
142209 87653
256079 21170
85406 9886
189244 30209
232740 204011
247988 18157
23306 172604
249996 158507
68834 161618
161021 64587
64407 181649
196676 63961
81052 255324
134324 88023
223990 107428
205557 95351
132788 131460
116358 261583
158870 207244
168404 67421
28436 95887
230705 61791
105680 176511
58542 65165
35839 211021
224534 19569
224624 9960
236452 29959
164747 141465
55781 95692
156137 79348
248495 167660
217532 80173
114774 95898
127222 171629
130625 187694
171982 71113
125133 184497
5406 38835
110109 72226
78437 127762
176077 1532
80580 26388
15558 248212
1067 249032
50865 4932
91191 149108
235934 175258
264164 261007
39211 239205
31227 261433
161348 142585
233591 101756
87106 60570
222052 167654
166320 82161
16171 84526
199633 91077
58125 207925
11556 87029
135642 170732
54981 212325
8143 234294
60677 258327
224075 49195
76812 39696
70727 65156
208460 241814
75683 155816
184661 198694
2338 264191
187649 46241
166560 219347
71139 13022
92197 163991
172485 64455
197566 109650
187773 198289
61224 114870
108922 155146
249223 85502
108460 217977
77882 251719
149677 62027
212740 95364
119622 36496
214320 183750
66958 114941
6965 134236
106153 149164
85047 239276
46400 75241
224370 229875
186803 89835
13510 199051
149850 180254
11636 56720
38842 88507
177150 136486
79022 168467
118875 204516
245199 178486
161448 207778
121208 1779
33776 4106
140588 205642
251993 48219
111597 263381
259388 137760
96430 139851
24457 27777
65021 148771
85542 189939
248958 158193
166117 93385
247842 101543
30024 165717
8831 87489
245657 236799
24061 61852
246239 192391
82427 126766
241725 170329
245963 112830
167873 68300
206231 206544
97560 157157
108578 67561
32235 235432
50855 29630
165458 79314
23718 207405
152931 116253
185552 193992
82628 351
116981 130767
76206 92716
74900 124095
223281 97846
4381 99113
79489 171838
165327 36920
88653 213846
106221 225468
149111 259789
42316 137692
181048 64665
207075 68843
128357 128133
159560 215396
257042 36708
230004 6062
146242 146110
76727 6551
170922 174975
135856 161265
158657 111868
88980 226816
255027 79793
95608 136372
141160 17356
84073 29322
89215 170902
179934 55831
107025 73444
210510 201961
461 4438
240514 193690
165075 137284
182275 187438
71616 174904
152106 206979
97849 233816
105278 228555
14229 56512
84104 160648
19348 179990
7227 180127
205548 145677
107832 81157
22321 178547
101820 55291
82406 152765
252623 240550
106655 56183
20433 51545
35991 105914
233815 37246
66499 199488
89734 45374
3027 192527
248782 4253
146411 159253
29508 80035
152409 77066
210535 97464
33513 110716
93063 150874
4545 160024
235377 1621
37097 212228
207263 253270
82229 216916
210163 88481
136197 134976
190661 60709
133685 226435
211107 164484
86179 125112
191087 62488
231383 126429
72880 121438
118784 23620
114743 141082
62038 235300
257905 88990
86989 112774
259162 224668
22353 136968
16748 76773
132044 1854
14213 178283
17797 90860
218156 185470
35032 11713
88655 168832
172892 88848
225700 76496
22432 117919
193105 16319
157228 98729
126636 110403
91016 224348
32914 20657
253391 232362
223606 99283
29248 264301
92907 30280
39611 46775
126089 192077
170930 94360
23677 152801
235161 184268
42999 91485
227407 232068
142685 241730
31282 105435
107174 41602
106504 255228
151593 47822
44102 249716
81834 234751
76009 56386
106719 235136
100270 185311
91049 199433
34529 73629
173174 16388
1688 264100
175363 5341
191634 190386
204063 100194
168811 218524
6771 108108
177773 73145
99450 21337
88370 179495
32593 141650
156277 44095
23624 176450
175794 125724
90614 251901
244121 27533
146246 203416
193664 77528
41383 231490
223073 121923
146862 29361
139290 61356
221941 120
77797 74496
36533 31151
182746 12921
41425 223905
253619 22642
21892 187595
55084 162407
80370 29954
238632 48946
148793 181694
214184 184649
108636 140702
97748 19459
1582 208194
174803 56649
116366 219618
98565 199717
21608 28332
69584 110986
155577 105730
121004 192331
199993 229092
19711 170616
241563 60646
208620 209896
162753 121957
115996 120398
196018 34132
69369 156492
121923 227181
69957 240839
6203 197632
19510 171510
28208 166528
27861 156245
170937 207645
28561 134206
246607 208942
142960 41969
132080 85926
194125 159656
119880 149999
99829 101205
257134 163385
202586 246738
192548 95702
144400 236586
41144 149199
86783 155054
18848 100586
202524 166673
99969 36631
54133 40279
107006 70443
153887 255929
21790 192121
237042 93898
28661 153034
68049 39476
214582 22714
145753 166624
52744 51744
157511 214933
73639 192958
18242 75466
54780 138126
250970 232790
207493 170157
88682 158745
211014 29946
63453 21121
214450 33037
230967 36439
32933 2376
129370 16477
240717 262547
167119 53509
47315 133008
179829 69188
5883 95043
251120 251137
224134 125807
173937 104159
179209 52469
1052 46961
141152 255437
236892 205389
107503 142082
106638 120559
4236 1777
19316 4175
104199 30446
195585 173977
57767 122266
114792 245689
124267 164319
70893 250311
5651 96461
195741 246723
220796 258304
5901 38979
183367 232577
246104 71809
1895 146625
192220 258750
228646 169577
239256 256755
172181 156678
91574 124396
157420 86068
218862 241318
26371 35122
51404 84701
30833 157456
184128 205137
189897 22169
94563 220093
138475 229690
63451 21647
75435 102271
163181 72701
25351 232189
46723 108474
16666 4135
245958 239081
79119 65711
35873 78229
202718 16905
154331 155618
157091 184088
19813 172731
227729 146654
150659 100077
159850 198703
230414 75783
64086 152026
137010 242384
67980 223620
262757 212833
260364 115531
252830 168388
259749 146001
233320 166218
40126 106885
47263 9208
249584 143350
188381 17868
214873 230336
92275 112384
261161 95900
195203 67968
23163 67123
124890 133410
119979 209252
23806 222210
40224 40591
197146 239727
229517 175731
238148 169059
15694 62736
162013 117729
101267 228498
54566 222176
22568 204384
236931 32582
116767 93620
198478 54269
89719 171200
192248 213211
59160 127237
47941 147255
243300 77878
231789 229150
224291 119682
48888 260170
220295 195541
39564 77220
163514 185805
64740 143308
75691 239422
107268 101824
214926 210775
1154 130104
248400 200146
222808 214777
207286 56761
163035 67931
43350 252149
194903 220736
66372 262523
221930 218681
137364 109441
257418 46497
184358 69009
9359 230690
262193 119160
252170 26825
183568 125308
128742 102781
19296 102768
13815 94373
166526 118554
129984 191866
45454 71239
179358 202080
42845 149775
45907 172011
18031 67912
51549 251871
112626 69961
260835 222586
202429 4045
213637 220199
241709 46007
249050 15642
240698 201937
118366 74270
10036 27501
238387 141315
227603 134353
185597 90340
226893 105506
3251 91628
225209 66570
180090 56156
193128 146962
97417 5956
57771 196027
139119 54113
35843 63701
219810 88238
237706 254303
19526 232338
132902 262094
74607 86778
15438 132838
183391 242539
96363 147436
32879 243387
82822 47621
228671 111765
66601 55249
55280 7486
167089 254792
176502 103310
174154 147340
87631 74649
634 230983
176322 68656
57181 104464
26458 221348
58001 90740
142227 8439
140228 56696
203348 67497
26869 88437
247133 151179
179514 164619
18485 5641
183674 202467
112080 167131
241459 11087
163068 180654
248114 239453
173983 221280
110029 134755
168879 139035
177829 185801
17231 54203
109837 146680
138902 40063
211757 204884
56808 144277
15638 216751
82585 18991
92553 189096
52294 110948
229624 128747
214376 161204
75360 187372
227685 67289
84701 126270
10811 53921
152081 168061
244986 224696
252097 229688
186654 9440
239580 238729
16129 7030
218223 246754
59303 234049
85501 244050
178201 8682
67133 113276
81748 119828
6698 156018
130514 105888
29035 209145
218577 199983
87872 185239
102969 248702
142053 41909
34415 68690
104654 39858
85872 129303
71551 172034
19962 31387
37158 59125
207689 248760
235634 105473
250830 168817
243686 146527
172515 101217
108548 886
154582 158408
63538 125064
20365 147700
68625 206311
202479 154455
232893 40330
153054 235542
250832 219583
35231 162728
132673 94080
159430 76727
171922 167959
148557 75596
66003 41137
194630 102174
140497 32924
137276 135538
68565 8391
96371 10884
78127 131989
110587 150311
3201 40439
218661 95335
205100 139103
23073 82593
39957 136461
5614 248841
176333 221474
33178 82419
55487 58841
207143 242375
210764 190978
217449 210902
23655 142834
195338 152669
200221 117525
221156 93330
165603 108213
160312 193921
140979 18196
150115 44061
28225 33249
45406 186315
109856 254813
127316 178650
56373 139971
200721 2683
2146 75325
140838 135838
215328 221351
244231 51729
72836 208618
147162 100151
209897 205448
110053 131030
7426 69834
34910 226195
58217 261597
164653 34611
260463 30109
163736 223895
55532 84037
211597 136261
79966 119225
179445 195452
59330 180127
107667 220281
202621 90009
120181 184944
126277 157337
178738 126450
56519 212223
47046 195543
221512 245852
161622 58486
259301 158933
90645 47550
259896 23010
50725 30203
261832 87069
234141 56333
19847 54526
55313 257578
75791 15477
166583 182929
129501 66365
170949 263904
30789 262336
121765 75336
103884 66323
174109 128341
4143 236752
53694 60416
184539 262131
151147 193727
198794 58332
220356 145840
10785 239571
40823 43775
161591 60422
102649 121792
83353 148245
36390 52663
226457 55723
139526 255847
152633 63453
49618 144943
155396 171639
43786 9315
4940 82871
12341 163902
86235 106576
6953 101669
253268 37495
46537 256818
52942 188055
254682 138726
65009 174426
63924 229509
177412 10919
91954 138202
42095 229000
14707 39473
74164 184258
84322 146994
225165 243821
43352 168069
99564 256261
4062 70941
95173 62928
184172 10724
25249 231864
127350 120415
17102 65540
224542 195965
13538 171275
54260 183944
566 208079
113490 46574
72345 165741
223648 263896
131274 66139
33264 187451
112074 28285
257094 136093
107188 119088
132674 198878
131000 29682
65251 124725
261810 227712
125342 22398
183202 96210
93735 147582
58503 92891
224136 116927
9480 233221
252225 168811
237674 30519
55068 234614
197627 50730
12099 79701
200591 167601
67371 263784
107875 48260
213683 80149
165984 85863
49476 40059
199009 206831
129059 54839
139293 98335
213440 261705
91303 85633
237947 168298
116515 188975
187911 204695
195058 80735
18251 163773
146695 108128
173550 78998
221260 177912
224707 6440
233869 228842
61022 17189
250025 107514
262178 128726
34055 126799
